599.8072079964913 678.19
589.3168339971453 655.69
546.3826249470003 633.64
564.2312500276603 613.525
514.0127909835428 592.645
303.7149580195546 573.97
502.01995798852295 564.79
764.3965000170283 850.0
600.164124974981 820.075
716.3380000274628 797.53
677.9562919982709 769.765
653.7801660015248 743.755
417.32554096961394 718.825
373.9860409987159 704.515
625.0158750335686 692.14
580.8875830261968 668.515
580.0568749546073 646.825
547.6832920103334 625.225
398.7599170068279 605.065
522.6005829754286 591.61
495.80608401447535 572.575
486.01754201808944 554.71
466.8738329783082 537.34
0.7121670059859753 200.0
0.6890410440973938 200.0
0.8778750197961926 200.0
1.0075000463984907 200.0
